('1636738357609150100', 464, 253, 111, 203, 0.9974078214301457)
('1636738357171666200', 463, 248, 111, 210, 0.9961161096048822)
('1636738357827896600', 464, 250, 112, 206, 0.9958194620546809)
('1636738358046636200', 463, 249, 113, 207, 0.9933993747950636)
('1636738356734179400', 469, 248, 108, 194, 0.9900502472788779)
('1636738356952921800', 465, 249, 109, 207, 0.9884512912614103)
('1636738356296694800', 473, 243, 109, 200, 0.9782245347453561)
('1636738356515438000', 473, 245, 110, 198, 0.9747644268611443)
('1636738362296493600', 515, 253, 105, 205, 0.9689424310904825)
('1636738360327810400', 481, 250, 109, 202, 0.9635760899720898)
('1636738359140350400', 464, 252, 114, 204, 0.9633785329029227)
('1636738358921607800', 465, 250, 112, 205, 0.9625295107756537)
('1636738361859011200', 509, 258, 114, 201, 0.9580853393179957)
('1636738362077753600', 509, 252, 113, 208, 0.9571280202745585)
('1636738360546552300', 483, 251, 107, 202, 0.9562443863248434)
('1636738360765297900', 485, 258, 110, 194, 0.955097570266303)
('1636738361421525300', 526, 261, 109, 198, 0.9544530741427658)
('1636738359577837500', 471, 250, 106, 209, 0.9535845786541715)
('1636738371631004900', 513, 255, 110, 211, 0.9525928081251293)
('1636738371412262600', 513, 252, 111, 218, 0.9520392830071288)
('1636738346937635300', 430, 199, 117, 251, 0.9520179544209233)
('1636738359359093900', 463, 251, 116, 205, 0.9519162913032624)
('1636738360984037400', 499, 257, 109, 197, 0.9517927874910892)
('1636738358702863800', 465, 251, 112, 206, 0.9504808139321547)
('1636738354156143500', 431, 198, 106, 251, 0.9503888401847898)
('1636738374755900800', 496, 271, 106, 202, 0.9496668501802052)
('1636738361202783500', 518, 256, 108, 200, 0.9496084341219024)
('1636738361640265600', 521, 260, 111, 200, 0.9493728403910757)
('1636738356077955800', 456, 230, 113, 212, 0.948609119692428)
('1636738358484123000', 465, 246, 112, 213, 0.9474288555108289)
('1636738347156376900', 428, 198, 124, 251, 0.9473460411369586)
('1636738347593863100', 427, 200, 116, 251, 0.9465709317806624)
('1636738353499915800', 433, 199, 105, 248, 0.9461249555437107)
('1636738371193520700', 514, 249, 110, 221, 0.9461188307867852)
('1636738362952724700', 517, 257, 108, 202, 0.9456880919859002)
('1636738353718655200', 434, 197, 103, 250, 0.9450387229731245)
('1636738362515238700', 518, 256, 108, 203, 0.9443425041048652)
('1636738348031348300', 427, 195, 110, 257, 0.9436231874628309)
('1636738348687576800', 431, 191, 104, 259, 0.9435019045931762)
('1636738349562547100', 434, 191, 102, 258, 0.9434069072230824)
('1636738363390208800', 517, 258, 107, 200, 0.9432419346588474)
('1636738363827692200', 517, 260, 108, 199, 0.9429609575069576)
('1636738354374886000', 431, 195, 106, 254, 0.9427118624795519)
('1636738358265381600', 465, 246, 110, 212, 0.9417532211011992)
('1636738349343805500', 432, 192, 103, 257, 0.9415328669345515)
('1636738353062429600', 433, 197, 104, 250, 0.9412388708540163)
('1636738366381179000', 517, 268, 109, 182, 0.9411620277500502)
('1636738353937400600', 430, 198, 107, 250, 0.9408100963499106)
('1636738367256149300', 516, 255, 109, 201, 0.9407478569848606)
('1636738348250090200', 431, 192, 105, 258, 0.9407431039598535)
('1636738349125061600', 431, 191, 105, 259, 0.9405390180904976)
('1636738352624944200', 433, 197, 104, 249, 0.9401773014754057)
('1636738375630871000', 480, 253, 100, 223, 0.9395941984751341)
('1636738374974644500', 484, 260, 102, 215, 0.9394616932273828)
('1636738374537159700', 506, 267, 111, 205, 0.9393036469622067)
('1636738348906319600', 431, 191, 105, 258, 0.9388728238737988)
('1636738348468831000', 428, 192, 108, 258, 0.9388258916830479)
('1636738353281172600', 433, 198, 105, 248, 0.9388147310579987)
('1636738352843684900', 432, 198, 104, 248, 0.9386937962884674)
('1636738363608952200', 516, 257, 108, 202, 0.9385996507640525)
('1636738346500149900', 418, 204, 108, 248, 0.9383136920234637)
('1636738375849613000', 483, 254, 97, 219, 0.9382445646010936)
('1636738372505974100', 515, 259, 112, 213, 0.9377704709227208)
('1636738362733983000', 518, 256, 108, 203, 0.9358952768450854)
('1636738346718891000', 421, 202, 120, 245, 0.9358585855830943)
('1636738371849745900', 510, 256, 114, 207, 0.9358101536255669)
('1636738374318413000', 516, 269, 107, 202, 0.935676083739313)
('1636738372943461100', 515, 262, 110, 209, 0.9347705537409415)
('1636738373162204600', 515, 260, 111, 208, 0.9341831620757789)
('1636738355202983200', 427, 209, 97, 242, 0.9339490842683998)
('1636738366162437200', 513, 272, 112, 184, 0.9334587131457353)
('1636738352406199200', 433, 196, 103, 250, 0.9328943083352751)
('1636738375412127700', 481, 252, 100, 223, 0.9323746523909681)
('1636738370974777800', 513, 250, 111, 221, 0.9323735559979377)
('1636738363171467500', 517, 258, 107, 201, 0.9314096287656874)
('1636738354984240500', 429, 198, 102, 255, 0.9313378670450441)
('1636738372724718400', 514, 257, 111, 214, 0.9312884731161887)
('1636738372068491000', 515, 256, 108, 209, 0.9310838719995611)
('1636738351749971000', 431, 194, 106, 256, 0.9308195669254276)
('1636738359796580400', 478, 245, 101, 212, 0.9306336113475216)
('1636738352187458800', 433, 196, 104, 250, 0.9296774527376783)
('1636738372287235100', 515, 256, 109, 215, 0.9285522337739767)
('1636738365943695700', 515, 274, 111, 177, 0.9284848022376017)
('1636738375193386700', 485, 257, 97, 216, 0.9278220968362529)
('1636738351312487500', 431, 194, 105, 257, 0.9275400191844979)
('1636738351531232500', 431, 195, 106, 256, 0.9273467762525893)
('1636738376068355200', 484, 263, 94, 211, 0.9267834829250383)
('1636738396692668500', 541, 241, 88, 191, 0.9267496416993874)
('1636738350437515500', 433, 193, 103, 257, 0.9262420986415095)
('1636738365506207600', 515, 267, 110, 188, 0.9262010308510243)
('1636738350875003500', 431, 194, 105, 257, 0.9257504432440258)
('1636738373380945000', 515, 263, 108, 205, 0.9254885844945833)
('1636738365287468400', 515, 265, 110, 189, 0.9251959122584191)
('1636738351093745300', 431, 194, 105, 256, 0.9251832578777277)
('1636738373880928700', 515, 272, 108, 199, 0.924357588119516)
('1636738364858910900', 516, 265, 108, 189, 0.9241833972806869)
('1636738365068722900', 515, 265, 109, 189, 0.9236809522686651)
('1636738351968715500', 433, 195, 104, 253, 0.9231581895762512)
('1636738350656258000', 432, 192, 104, 259, 0.9230990083333188)
('1636738347375120700', 428, 197, 121, 253, 0.9215329819558682)
