('1636738357609150100', 323, 268, 120, 199, 0.9962036071270244)
('1636738357171666200', 316, 273, 122, 189, 0.9903536803266244)
('1636738357827896600', 321, 269, 122, 190, 0.9865984884234292)
('1636738356952921800', 313, 275, 120, 179, 0.9848155312416469)
('1636738351531232500', 301, 270, 125, 194, 0.9834596475968088)
('1636738358046636200', 314, 270, 131, 186, 0.9792027136539251)
('1636738351749971000', 304, 268, 121, 201, 0.9780642114133669)
('1636738359140350400', 346, 287, 112, 183, 0.9711304306617843)
('1636738356734179400', 313, 271, 121, 184, 0.9633623302092357)
('1636738359359093900', 349, 289, 133, 182, 0.9609075486777386)
('1636738352843684900', 309, 268, 116, 203, 0.9587974203012563)
('1636738358921607800', 334, 279, 120, 188, 0.9574730266409203)
('1636738378693267200', 334, 282, 132, 181, 0.9573385298051079)
('1636738356515438000', 309, 271, 124, 187, 0.9552927931514872)
('1636738353062429600', 310, 267, 116, 208, 0.9548230595137417)
('1636738358265381600', 311, 271, 129, 186, 0.954196421109445)
('1636738353281172600', 309, 264, 120, 208, 0.9540840597294862)
('1636738356296694800', 308, 267, 126, 198, 0.9539077724400716)
('1636738356077955800', 307, 270, 122, 189, 0.9534007254193806)
('1636738352624944200', 307, 268, 118, 201, 0.9494568755364906)
('1636738378912011700', 327, 285, 140, 183, 0.943842913344694)
('1636738350437515500', 299, 266, 125, 199, 0.942870165510276)
('1636738352406199200', 305, 268, 119, 202, 0.9427279188199935)
('1636738371412262600', 355, 304, 141, 171, 0.9407381089110657)
('1636738351968715500', 308, 266, 117, 203, 0.9386780468817844)
('1636738353499915800', 310, 256, 117, 213, 0.9386113618363295)
('1636738354984240500', 312, 263, 116, 202, 0.9379618848626874)
('1636738371193520700', 350, 306, 152, 169, 0.9353582773577753)
('1636738359796580400', 356, 299, 132, 176, 0.9344964884250353)
('1636738378474526700', 345, 284, 119, 178, 0.9343170573931979)
('1636738371631004900', 351, 304, 151, 171, 0.9341017653891072)
('1636738355859211000', 307, 270, 123, 196, 0.9339600725846)
('1636738384583698400', 326, 247, 117, 203, 0.9325013690466)
('1636738371849745900', 350, 303, 151, 172, 0.9321540032438056)
('1636738372287235100', 351, 304, 151, 171, 0.9317258115315527)
('1636738367256149300', 362, 307, 129, 169, 0.9298372125723339)
('1636738372068491000', 351, 302, 151, 173, 0.9297257358632649)
('1636738370974777800', 352, 305, 148, 171, 0.9292487312892895)
('1636738352187458800', 306, 267, 120, 202, 0.9275499808586413)
('1636738350000029500', 286, 268, 131, 189, 0.9272992449406051)
('1636738353718655200', 312, 254, 116, 212, 0.9261960118844986)
('1636738343219007700', 291, 242, 168, 210, 0.9245425967079427)
('1636738384364952700', 317, 251, 123, 200, 0.9242040704877084)
('1636738368787352300', 354, 302, 141, 173, 0.9228627038811997)
('1636738355640469500', 307, 270, 122, 190, 0.922798915492091)
('1636738367474892400', 362, 308, 130, 167, 0.9221045478752273)
('1636738350218772500', 294, 269, 127, 192, 0.921442202178365)
('1636738367037409900', 355, 301, 139, 175, 0.9197904746507993)
('1636738346718891000', 284, 268, 169, 188, 0.9195517545286735)
('1636738367693636600', 363, 308, 128, 168, 0.9194785957711723)
('1636738350875003500', 288, 267, 139, 195, 0.9193946040441)
('1636738368131122900', 363, 308, 128, 169, 0.9190501966797032)
('1636738368568607400', 354, 302, 140, 173, 0.9189293780690211)
('1636738351093745300', 298, 268, 130, 188, 0.9184895387899413)
('1636738372505974100', 352, 304, 149, 171, 0.9183257022709354)
('1636738396255179600', 418, 218, 91, 233, 0.9177569961604595)
('1636738367912378700', 361, 308, 131, 169, 0.9163671118947765)
('1636738345843921400', 285, 261, 170, 198, 0.9159608591947636)
('1636738359577837500', 378, 292, 111, 178, 0.9153534348734402)
('1636738374974644500', 352, 305, 144, 170, 0.9148094262082889)
('1636738368349865400', 355, 302, 139, 173, 0.9127844775465821)
('1636738355421724900', 306, 269, 122, 189, 0.9127817796791363)
('1636738343000266400', 279, 243, 150, 208, 0.9124990457271623)
('1636738374755900800', 355, 308, 135, 168, 0.9124569947327608)
('1636738366818668900', 354, 303, 138, 173, 0.9115851991696593)
('1636738392974040300', 333, 243, 130, 200, 0.9107863142017311)
('1636738372724718400', 353, 303, 143, 173, 0.9098099649372974)
('1636738391145976600', 344, 241, 134, 209, 0.9091839455703664)
('1636738354374886000', 314, 255, 114, 215, 0.9086450946415465)
('1636738372943461100', 353, 302, 142, 174, 0.9076279770494541)
('1636738393849010100', 335, 238, 125, 206, 0.9065687289327048)
('1636738374537159700', 351, 304, 149, 169, 0.9036194254135156)
('1636738369443576800', 354, 302, 139, 173, 0.9031375271033127)
('1636738383927470700', 306, 269, 131, 186, 0.902813178406037)
('1636738374318413000', 364, 309, 129, 167, 0.9023548847238834)
('1636738374099673800', 364, 309, 129, 167, 0.9020817219543307)
('1636738349562547100', 284, 267, 131, 197, 0.9016721879883597)
('1636738336659173300', 215, 133, 102, 263, 0.8990250491970845)
('1636738358484123000', 310, 271, 127, 187, 0.8985758111589291)
('1636738373880928700', 362, 309, 132, 167, 0.8971979265394563)
('1636738342344036500', 218, 198, 110, 250, 0.8971800413324519)
('1636738349343805500', 286, 266, 142, 192, 0.8971482892063024)
('1636738390927234100', 343, 235, 137, 214, 0.8961111339938207)
('1636738369662321800', 354, 302, 139, 173, 0.8958905702351077)
('1636738369224835200', 354, 303, 139, 172, 0.8939250243031834)
('1636738347593863100', 284, 268, 170, 188, 0.8938686586410928)
('1636738369006090700', 354, 303, 139, 172, 0.8931559521004915)
('1636738354156143500', 314, 254, 115, 215, 0.8922035460933926)
('1636738396473923000', 425, 219, 99, 227, 0.8917435747814587)
('1636738351312487500', 294, 270, 133, 188, 0.890610657424105)
('1636738363171467500', 349, 299, 143, 170, 0.8903921024808013)
('1636738347156376900', 284, 269, 171, 186, 0.8902200384285905)
('1636738347375120700', 284, 269, 170, 186, 0.8899111181118151)
('1636738331846835400', 210, 145, 105, 257, 0.8882904085078893)
('1636738344093979500', 285, 254, 175, 196, 0.8875639865113097)
('1636738384146211400', 311, 260, 136, 191, 0.8871005212537375)
('1636738362952724700', 353, 300, 139, 175, 0.8864245757150747)
('1636738358702863800', 316, 269, 122, 189, 0.8863942803373281)
('1636738391364721000', 343, 248, 138, 205, 0.8851676314650018)
('1636738346937635300', 284, 269, 173, 186, 0.8843843296696825)
