('1636738315394259700', 377, 270, 153, 185, 0.9955272763994937)
('1636738315613004600', 381, 272, 143, 181, 0.9827693458590371)
('1636738305628962600', 380, 268, 141, 191, 0.9737183803555547)
('1636738316487974300', 365, 269, 163, 180, 0.9735165232135318)
('1636738315831747000', 380, 272, 143, 180, 0.9721475393151543)
('1636738305410218400', 381, 265, 139, 194, 0.9701167436819025)
('1636738305847705300', 381, 271, 141, 188, 0.9697659142716694)
('1636738321519054800', 370, 265, 148, 193, 0.9695285849539904)
('1636738315175516100', 369, 264, 159, 195, 0.9689827596238009)
('1636738305191476000', 377, 261, 144, 197, 0.9680269120746525)
('1636738304972734300', 378, 259, 140, 198, 0.9652261406124502)
('1636738316050488300', 383, 270, 139, 180, 0.9645588848590442)
('1636738304753992200', 380, 258, 139, 198, 0.9636604795151746)
('1636738306066447700', 379, 272, 148, 189, 0.9632149128158256)
('1636738321300313800', 370, 263, 144, 187, 0.9600246568802777)
('1636738329221921600', 387, 265, 132, 182, 0.9595273801630881)
('1636738316269232400', 386, 266, 136, 183, 0.9594146648391778)
('1636738331409349700', 383, 260, 137, 208, 0.9592657727989363)
('1636738316925460600', 360, 261, 171, 188, 0.9589233528421738)
('1636738325237681700', 390, 261, 131, 208, 0.9578366577903281)
('1636738329003181200', 384, 255, 135, 199, 0.9571299143731463)
('1636738312269365100', 406, 268, 109, 204, 0.9570061536986807)
('1636738324800196000', 384, 257, 134, 200, 0.9567870952309196)
('1636738306285188400', 380, 274, 146, 187, 0.9566555577296522)
('1636738321956541200', 382, 268, 136, 188, 0.9543956888751366)
('1636738325503297500', 400, 267, 122, 202, 0.9534064811423228)
('1636738325722039800', 397, 268, 127, 197, 0.9531155050969808)
('1636738323487740400', 386, 259, 131, 194, 0.9524674616555443)
('1636738324581451700', 383, 257, 134, 200, 0.9518507935127537)
('1636738316706715900', 352, 265, 179, 183, 0.9513698875632605)
('1636738324362712200', 384, 258, 133, 197, 0.950862699302406)
('1636738304535246400', 382, 259, 139, 197, 0.9507536987743228)
('1636738325018939300', 389, 261, 130, 205, 0.9500826187257839)
('1636738328784436300', 386, 252, 131, 203, 0.9499148136256714)
('1636738322175285200', 385, 265, 133, 190, 0.9497149773397144)
('1636738322612769600', 383, 261, 133, 193, 0.9496059054406207)
('1636738327471982100', 378, 263, 140, 188, 0.9486516088216642)
('1636738331628090900', 381, 259, 136, 208, 0.9481362274564306)
('1636738329440665500', 391, 263, 126, 187, 0.9461548844041513)
('1636738323050254400', 387, 260, 129, 195, 0.9461102713712393)
('1636738327690724100', 381, 258, 138, 191, 0.9450773624069583)
('1636738322394024000', 386, 263, 130, 192, 0.9449921099353213)
('1636738323268995700', 387, 261, 131, 188, 0.9445428425480292)
('1636738331190608400', 380, 253, 141, 214, 0.9443880672629825)
('1636738326378269500', 380, 262, 139, 193, 0.9443412116277126)
('1636738318675398500', 374, 262, 175, 186, 0.9436718872900505)
('1636738328565694200', 386, 253, 132, 201, 0.9431343601869985)
('1636738328346952300', 385, 260, 132, 191, 0.9427746602856101)
('1636738322831512300', 381, 260, 135, 194, 0.9425515508554032)
('1636738317144202700', 393, 257, 126, 196, 0.9418217890800226)
('1636738327253236300', 382, 260, 135, 189, 0.941465682445845)
('1636738306503931300', 381, 268, 143, 193, 0.9412270798785167)
('1636738312769346500', 393, 268, 128, 205, 0.9405989778997234)
('1636738329659407100', 394, 260, 125, 189, 0.9401978872134973)
('1636738323706482700', 386, 261, 132, 186, 0.9398752575634947)
('1636738320644085800', 357, 271, 128, 185, 0.9389481592260804)
('1636738327909467400', 385, 255, 134, 195, 0.9388021416325786)
('1636738330096892100', 393, 271, 120, 174, 0.9386826717590177)
('1636738318237913400', 372, 264, 155, 200, 0.9386694690017123)
('1636738320425342800', 359, 270, 128, 184, 0.937612216759184)
('1636738327034497200', 381, 258, 137, 191, 0.9370430316325044)
('1636738326159525200', 384, 263, 136, 193, 0.9368431369141329)
('1636738326597011200', 382, 262, 137, 193, 0.9366675737933158)
('1636738324143967900', 386, 258, 131, 197, 0.9365952028844453)
('1636738319769112500', 367, 289, 131, 162, 0.9352838724026421)
('1636738311175652000', 377, 274, 148, 185, 0.9345463761242845)
('1636738311613134700', 378, 271, 149, 187, 0.934489867560024)
('1636738318456658600', 371, 263, 163, 187, 0.9338337958957129)
('1636738318019174400', 381, 256, 145, 203, 0.9323489953221329)
('1636738326815753800', 381, 260, 137, 190, 0.9321562142439912)
('1636738329878149700', 390, 262, 130, 187, 0.9316785153761091)
('1636738311394394500', 382, 272, 140, 189, 0.9297826231597945)
('1636738343000266400', 562, 228, 114, 206, 0.9296738309626891)
('1636738325940781600', 384, 268, 137, 190, 0.9294311201308778)
('1636738310956910500', 379, 272, 143, 188, 0.9282122101992969)
('1636738317581687700', 389, 260, 130, 195, 0.9263423123370609)
('1636738330971863200', 380, 252, 140, 214, 0.9261831280673006)
('1636738317362943300', 390, 260, 129, 194, 0.9258240052668446)
('1636738319987857200', 364, 279, 131, 174, 0.9254722716097513)
('1636738319550372100', 360, 294, 152, 158, 0.9252804867349783)
('1636738319331627800', 359, 293, 161, 153, 0.9234517004222895)
('1636738451440835900', 530, 90, 80, 166, 0.92329823564938)
('1636738321081570800', 359, 230, 150, 212, 0.9231561419220442)
('1636738342125298300', 472, 270, 111, 201, 0.9230244182166744)
('1636738320862825300', 357, 281, 134, 173, 0.9227885207507731)
('1636738311831880700', 386, 268, 142, 195, 0.9216986651781444)
('1636738330534381100', 377, 258, 142, 205, 0.9213506545503227)
('1636738330753121500', 381, 253, 142, 207, 0.921329393458984)
('1636738312050622500', 391, 268, 131, 201, 0.9203377977786386)
('1636738321737797500', 379, 261, 136, 201, 0.9194904358056293)
('1636738328128210300', 383, 252, 135, 197, 0.9152351490352224)
('1636738331846835400', 380, 260, 138, 207, 0.9144055340796531)
('1636738341906550600', 451, 267, 113, 204, 0.9139168537385799)
('1636738308097627100', 379, 265, 144, 192, 0.9134508300972658)
('1636738308535112900', 379, 264, 144, 193, 0.9122261925821298)
('1636738342781521400', 552, 234, 108, 198, 0.912112977846238)
('1636738314956775100', 380, 262, 151, 205, 0.9120235672261212)
('1636738342344036500', 483, 272, 121, 202, 0.9115768440525652)
('1636738343656494000', 636, 264, 68, 147, 0.911572600423275)
('1636738318894143900', 373, 272, 153, 175, 0.9106491371993906)
